name,true_class,pred_class,pred_prob,prob_AGN,prob_CV,prob_HMXB,prob_LMXB,prob_PULSAR,prob_STAR,prob_ULX,prob_YSO
2CXO J140251.7+541932,HMXB,HMXB,0.8551695924215181,0.025752540237922186,0.03382844253015011,0.8551695924215181,0.009640486988069047,0.015719060457652256,0.018746536967678112,0.04059825434996938,0.0005450860470407105
2CXO J002716.1-014646,AGN,ULX,0.7976422750264629,0.05757239179132583,0.07421469340742247,0.025243073154637086,0.00650231944209164,0.035471440750368566,0.0026864432725425737,0.7976422750264629,0.000667363155148969
2CXO J002411.1-720620,CV,CV,0.4352272878274814,0.0061534971086255425,0.4352272878274814,0.13632193336939716,0.01705616254052601,0.38696251892085487,0.004911072657304002,0.010839516739136383,0.0025280108366745845
2CXO J005923.8-000120,AGN,AGN,0.9961496008196283,0.9961496008196283,0.0013451256923730085,0.0012439256288446698,0.00027896900717678304,0.0002921924077042848,0.00011009364838382911,0.0005541201880678873,2.5972607820969146e-05
2CXO J174716.1-281048,LMXB,LMXB,0.6538327133266715,0.010123031597025838,0.1669553611407526,0.018851511298666183,0.6538327133266715,0.017401078005823092,0.01293844883783172,0.019116507973639056,0.1007813478195902
2CXO J065714.5-081956,STAR,STAR,0.9236839012335181,0.006805854257936107,0.011338582412582421,0.008851072212195265,0.004233134226396822,0.011933862750076287,0.9236839012335181,0.007597674510110236,0.025555918397184768
2CXO J092020.6+640607,ULX,ULX,0.5892179290274283,0.05673246594060417,0.0258260731993686,0.28114584152948924,0.00827877947951256,0.022675120803000597,0.012150121565375298,0.5892179290274283,0.003973668455221093
2CXO J180445.9-241814,YSO,YSO,0.9361362366000774,0.00335228541408371,0.012664841975876471,0.0016956454684353142,0.004105434040794176,0.029538142188629688,0.011302354766963982,0.0012050595451393816,0.9361362366000774
2CXO J064116.4+092608,STAR,STAR,0.8158751613304182,0.006948457029817875,0.02160320262927004,0.017178590694216817,0.0474422340032895,0.015218844694885336,0.8158751613304182,0.007864374027085435,0.06786913559101687
2CXO J005249.0+563909,STAR,STAR,0.9956921427937243,0.00025846951225431557,0.000799986416941167,0.001748871179144775,0.0003487119537415175,0.00030677397452703533,0.9956921427937243,0.000794450350918098,5.059381874898481e-05
2CXO J150255.2-415429,AGN,CV,0.5122341744773232,0.02109640456662718,0.5122341744773232,0.18003288126434358,0.14633657224146504,0.06516401909083987,0.007247037304012836,0.06369729831701093,0.004191612738377417
2CXO J213701.3+572446,STAR,STAR,0.9804425608519118,0.0016447523056777474,0.0038028232467139066,0.0021162022987250033,0.0024628827004130765,0.003422710484256423,0.9804425608519118,0.0044667411502591,0.0016413269620427706
2CXO J170355.2+514936,AGN,AGN,0.9729549862865018,0.9729549862865018,0.005536564049032334,0.004468073763753974,0.0005677828432645536,0.0019069925233910052,0.0010355957930828891,0.012644558570810647,0.0008854461701625809
2CXO J100506.0-074428,LMXB,LMXB,0.9632636746217029,0.0024735109489147536,0.005388825763796064,0.0074000439133966355,0.9632636746217029,0.000774293165594985,0.0008514151394803914,0.01958281141362562,0.00026542503348865625
2CXO J160202.4+401301,AGN,AGN,0.892075600827464,0.892075600827464,0.009076512257215077,0.0632543389671564,0.0006616702643637946,0.026366377677560258,0.0013685789199670724,0.005804970973739994,0.0013919501125335889
2CXO J064056.5+095410,STAR,STAR,0.9963538660032465,0.00048120443555015334,0.0005792831463878426,0.0011859440969867621,0.0005505987952496489,0.0004447980678581077,0.9963538660032465,0.0002302966036923198,0.0001740088510288331
2CXO J123301.7+472455,AGN,AGN,0.9881296482946056,0.9881296482946056,0.00018788636603480816,0.0017958331435051279,2.137019260035217e-05,0.0001274223184665954,6.687016474805217e-05,0.009655685786515834,1.5283733523684514e-05
2CXO J082636.6+431104,AGN,AGN,0.9238722546216283,0.9238722546216283,0.041568748038788364,0.007849050999941945,0.003168665541658811,0.007876590211617896,0.0018096414006294496,0.013386673147546126,0.00046837603818927217
2CXO J004259.3+411642,CV,CV,0.9906583889191859,0.001485541893801659,0.9906583889191859,0.0021675210847316565,0.002791067933998366,0.0005264703684084764,0.0016862646602170603,0.0005826435829026154,0.00010210155675449436
2CXO J202723.1+372337,YSO,YSO,0.970120300763067,0.0003643796155579341,0.0007133437690387669,0.00032068240085565035,0.000365061505581477,0.0014139442199697083,0.026369249741898124,0.00033303798403155974,0.970120300763067
2CXO J130051.7+275219,AGN,AGN,0.9914785496074219,0.9914785496074219,0.001254521065117741,0.005873947694543615,0.0004495313270011003,0.00023599249887161914,0.00012671170956946246,0.0005005454441100018,8.020065336481036e-05
2CXO J121722.8+614627,AGN,AGN,0.9905637034748404,0.9905637034748404,0.002193377270179289,0.001134349571053269,9.033258203984307e-05,0.0001448597200109624,0.0002253590821337978,0.00554714560228134,0.00010087269746116813
2CXO J160421.7+432354,AGN,AGN,0.6843220253830772,0.6843220253830772,0.2349992520988262,0.010406392320024046,0.0026217440105596843,0.028400068309064098,0.0037671224255030125,0.03312266457653908,0.002360730876406607
2CXO J134636.5-625434,STAR,STAR,0.9860334151657711,0.00015898088740082245,0.001485816600452016,0.0007796739866710977,0.00022944637427245503,0.004885913169264506,0.9860334151657711,0.0001502322707995166,0.006276521545368609
2CXO J053557.2-064027,STAR,STAR,0.9977247815114314,0.0002764097854235179,0.0005899943029258886,0.0005569577170811196,0.00019430245641403115,0.0002828979998514022,0.9977247815114314,0.0002745545313880657,0.00010010169548467049
2CXO J120151.5-185350,HMXB,AGN,0.7422052254076111,0.7422052254076111,0.013439245429149411,0.20285612361715802,0.004570476899004142,0.002457034863334435,0.003034502547357072,0.029606922339280698,0.0018304688971051634
2CXO J100514.4-074318,LMXB,LMXB,0.9782339309709033,0.0014614961218629655,0.002541781491883119,0.009476175462094795,0.9782339309709033,0.002870144414561689,0.001536312266394137,0.0035432119066506965,0.0003369473656494361
2CXO J064056.8+095156,STAR,STAR,0.9918049460384702,0.0005928863823174749,0.0016173228308367935,0.0018109320460345628,0.0009666974455040469,0.0014802599097392525,0.9918049460384702,0.0009851571795749811,0.0007417981675224037
2CXO J054136.6-015408,STAR,STAR,0.9578153317936614,0.005409742181382035,0.007337623811069388,0.0064564709360008495,0.007813601247325724,0.010559735783095152,0.9578153317936614,0.0030942967360086436,0.001513197511456779
2CXO J053520.5-052420,STAR,STAR,0.997513609235376,0.0002971475495564215,0.0006103775490580645,0.00043931052053299225,0.0005152597520534506,0.00038198816922240534,0.997513609235376,0.00014118487710667173,0.00010112234709414567
2CXO J133031.4-002817,AGN,AGN,0.9079425005566559,0.9079425005566559,0.01948382363211496,0.0025990053280914474,0.0013797990367336137,0.043303650405697,0.001191414652332118,0.02344185379825993,0.0006579525901150855
2CXO J172518.8-342242,YSO,YSO,0.9874581958920955,0.000277967498523019,0.003933306213231705,0.0006985704589326196,0.0008204650315097851,0.0004743552752550227,0.006190296430294998,0.00014684320015714053,0.9874581958920955
2CXO J080534.9+240950,AGN,AGN,0.2781258163043673,0.2781258163043673,0.19773914724318808,0.1138531522376013,0.05672731222675327,0.0779469728313717,0.07089083075706805,0.19171304952556945,0.013003718874080798
2CXO J162623.3-242059,STAR,STAR,0.9779739324696695,0.0004801125245585757,0.01688132344113282,0.0013931214016267802,0.0021892935827090157,0.0006532171491947202,0.9779739324696695,0.00025846173354755454,0.0001705376975609644
2CXO J225610.1+623942,STAR,STAR,0.9388683097385678,0.003097073995420979,0.026113847589388596,0.010501747988800148,0.0028818521020600673,0.012644793869114528,0.9388683097385678,0.003254143060687765,0.0026382316559600953
2CXO J073702.2+653445,HMXB,HMXB,0.9011170218176525,0.007257392315718021,0.030762406465640216,0.9011170218176525,0.019416790085054158,0.010717806096244308,0.013254480522653602,0.01630221744842354,0.001171885248613708
2CXO J203825.2+421527,YSO,YSO,0.99221388838866,0.0005660499686355004,0.0004905142720305376,0.0004613027867475944,0.0006152506033036972,0.0005641172757967336,0.003999064865263652,0.001089811839562062,0.99221388838866
2CXO J084121.5+360845,AGN,AGN,0.8270130029962102,0.8270130029962102,0.06419174359198011,0.02243629375598231,0.007135852884308285,0.010172486248419297,0.0036070855889670183,0.06453531504759386,0.0009082198865390573
2CXO J174839.2-360622,CV,CV,0.6053564876987948,0.004461225904053196,0.6053564876987948,0.017466208865113637,0.023863241783239255,0.3117303220255763,0.01779351559697747,0.004267885440777014,0.01506111268546847
2CXO J053522.1-052213,STAR,STAR,0.8993857009086018,0.0057133298130605135,0.020523722283660048,0.012636290525434262,0.047904246887953264,0.005590765428406418,0.8993857009086018,0.0050219478371827855,0.003223996315701013
2CXO J111126.8+554028,HMXB,HMXB,0.9017491165019133,0.0038325732146366584,0.0014999257722344314,0.9017491165019133,0.000377874040031744,0.0015713135187182862,0.0005742529428105931,0.0902384243888909,0.00015651962076423275
2CXO J115628.3+233316,AGN,AGN,0.7390710155719177,0.7390710155719177,0.04254503713166331,0.005015925000062727,0.0039900103317597095,0.015040794821848396,0.0056526991272444725,0.1873213082554172,0.001363209760086619
2CXO J053525.3-052529,STAR,STAR,0.9980115895968196,0.00029980075740381086,0.0006968431901800454,0.0003482149700070578,0.00028009054923932696,0.00012076515850108812,0.9980115895968196,0.0001354810155366551,0.00010721476231255869
2CXO J100001.0+022321,AGN,AGN,0.9796622314793563,0.9796622314793563,0.0015912354267359557,0.0026951567416082034,0.0016549989067173832,0.0004614287061783283,0.000556187115805009,0.013269529411171505,0.00010923221242746977
2CXO J171731.9+670934,AGN,HMXB,0.5657045397924553,0.10325490955596474,0.1519358578831162,0.5657045397924553,0.03920137881218553,0.030162667882568963,0.026288864637496804,0.07820288368468296,0.0052488977515295805
2CXO J143120.5+395241,AGN,AGN,0.9928860352546066,0.9928860352546066,0.0018561417204381655,0.0012618065996339203,0.00018911628235215844,0.0017385009586204255,0.000731071869125276,0.0006079375835434731,0.0007293897316799679
2CXO J053910.7-283526,AGN,CV,0.28343929867403506,0.23466085891747687,0.28343929867403506,0.15220634316497986,0.01707180621256655,0.16077325010700091,0.021310451832075052,0.1255105620253635,0.0050274290665022325
2CXO J203159.6+411450,STAR,STAR,0.9904524302921129,0.00017579817206306555,0.0005287474677642722,0.00025856668027542606,0.00026964472889074055,0.00018455995986747136,0.9904524302921129,0.00012478777024383799,0.008005464928782752
2CXO J053503.4-052610,STAR,STAR,0.9742815053284045,0.0020575237939794073,0.007863461459386344,0.005473638657062754,0.0025684544760123788,0.004381325607900069,0.9742815053284045,0.0022619455629858654,0.0011121451142688426
2CXO J201312.7+382659,STAR,STAR,0.9877544224303858,0.0008757869391427121,0.004851231472243618,0.0013896442236047135,0.0008294216961384572,0.002414971632184975,0.9877544224303858,0.0008509065028295304,0.0010336151034700107
2CXO J152157.4+285918,AGN,AGN,0.8799381234262201,0.8799381234262201,0.0377997391755083,0.024249050624326727,0.0014294101741249338,0.008278927917025187,0.0024869667344595264,0.04327442793938521,0.0025433540089500406
2CXO J095921.2+024412,AGN,AGN,0.9945725603956637,0.9945725603956637,0.0010991579132661117,0.001801961368993574,0.0005563062615224972,0.0002831910532604047,0.00039512059689536197,0.0012331984153364243,5.850399506182085e-05
2CXO J094133.7+594811,AGN,AGN,0.9903758450430514,0.9903758450430514,0.0005420269329848928,0.004952287450572648,0.00017248574635841986,0.0005327050319360462,0.0004976503426605039,0.00284177650646766,8.522294596853378e-05
2CXO J104606.2-594940,YSO,YSO,0.9867218266722793,0.0002882843308696273,0.000431500785238438,0.0009161331508739091,0.00150275049075758,0.0004588827488178344,0.008620849321772752,0.001059772499390819,0.9867218266722793
2CXO J033229.8-275106,AGN,AGN,0.8582259622007111,0.8582259622007111,0.000873374901730655,0.014046949647854898,0.0008015568483620622,0.0025635102809229036,0.11835307449578021,0.004880180720087802,0.0002553909045501775
2CXO J004241.2+411615,CV,CV,0.9811786353404962,0.0019603275174809964,0.9811786353404962,0.00459780924696773,0.005330513249672013,0.0009464478033110559,0.0041799841788137575,0.001570863793798768,0.00023541886945944922
2CXO J114102.3-262745,AGN,AGN,0.9199468764880198,0.9199468764880198,0.009037018414710945,0.03490637770978028,0.0031361848477936185,0.0020404196530785703,0.001992759763972038,0.028282181564537247,0.0006581815581076472
2CXO J122758.7-485343,CV,AGN,0.3909634987929566,0.3909634987929566,0.1811255264683462,0.02830339041453283,0.010112397188970947,0.17761267270022957,0.026919374918086693,0.18057134132155134,0.004391798195325764
2CXO J022605.8+615846,STAR,STAR,0.9824083577007452,0.0004053337935462972,0.0005691562475815044,0.0026205532778068655,0.00038839024800854335,0.0002938478802786169,0.9824083577007452,0.0010803232952007599,0.012234037556832281
2CXO J053530.3-052736,STAR,STAR,0.9922721642833959,0.00022259760881483884,0.0015122718791473067,0.0005343241255384377,0.004490583313570047,0.0005518678584129713,0.9922721642833959,0.0002595060208281824,0.00015668491029244687
2CXO J203405.5+410726,YSO,YSO,0.9964739394249739,0.00042878910481837734,0.0003171058296564568,0.0002638757843966838,0.00023410323056163968,0.0003325362797258199,0.0015973190258882445,0.00035233131997882,0.9964739394249739
2CXO J071855.5-245817,STAR,STAR,0.9737032508281125,0.0026368094967073813,0.0022798060474679594,0.005703704650496616,0.004094920235815212,0.005725166263781854,0.9737032508281125,0.004526280337027592,0.0013300621405910706
2CXO J104803.6+141242,STAR,STAR,0.9567841471801215,0.031072426800993765,0.0018430900213553872,0.0023351010006359752,0.0012200774147216613,0.003226221014632133,0.9567841471801215,0.0033077867541857504,0.00021114981335366626
2CXO J140252.8+542718,HMXB,HMXB,0.954010473492116,0.03574078014094406,0.002948396768805817,0.954010473492116,0.0003379099964375447,0.00044434733468161006,0.00047792351831518087,0.005942238045244078,9.793070345578996e-05
2CXO J194302.7+231823,STAR,STAR,0.9594504770905689,0.0013431805845923893,0.01768692416892059,0.0021132117639562687,0.006149660639387613,0.00230568946836866,0.9594504770905689,0.0009470720119739897,0.010003784272231562
2CXO J180330.8-242002,YSO,YSO,0.9886518608573495,0.0010043031556712654,0.0027370572644870436,0.0005315478086795737,0.00030983860570253885,0.0007339855010057305,0.005821773937916686,0.0002096328691878259,0.9886518608573495
2CXO J123028.7+413757,HMXB,HMXB,0.9759398297919427,0.0030067601350171887,0.0024880223514512794,0.9759398297919427,0.0019008505583090777,0.0003334894460267091,0.0009694249355878116,0.015201729434982849,0.0001598933466822885
2CXO J053531.2-051931,STAR,STAR,0.8003513567688703,0.01933301251500959,0.06758810588116003,0.0443113396809881,0.0267638109926292,0.011805143942802613,0.8003513567688703,0.017652875738013326,0.012194354480526946
2CXO J053500.8-053808,STAR,STAR,0.9872558699129529,0.0013177560759279202,0.003515795014158491,0.0028049784440983268,0.0036319455521496074,0.0003438646407785834,0.9872558699129529,0.000894090632642495,0.00023569972729165558
2CXO J104614.5-595754,YSO,YSO,0.87181716227762,0.0032042456766651194,0.003728348594934707,0.01754445708456827,0.004777389773554446,0.030957583508614064,0.06451758312201944,0.003453229962023938,0.87181716227762
2CXO J215353.3+623600,STAR,STAR,0.9984044623075388,0.00013776302697523672,0.0005763005907858444,0.00033321191044893774,0.00016313211757582898,0.0001457420144832142,0.9984044623075388,0.0002119711001796315,2.7416932012404875e-05
2CXO J054140.2-015052,STAR,STAR,0.9307111080966193,0.009763232945692542,0.012716419285185705,0.011411373322786677,0.007328709607688585,0.013495418879645563,0.9307111080966193,0.011959328668507999,0.00261440919387376
2CXO J180451.3-274512,CV,CV,0.9183238675318541,0.0034433978652086135,0.9183238675318541,0.0029656996915574884,0.0038083371865620104,0.047217959669237496,0.002651474813330727,0.017525910030737783,0.004063353211511764
2CXO J121711.0+583525,AGN,AGN,0.9555128386680483,0.9555128386680483,0.004869041441539419,0.009072261234775067,0.0002179881059564724,0.0006669088950088627,0.0003542727319904217,0.029221252207386812,8.543671529486076e-05
2CXO J205855.7+440337,STAR,STAR,0.9444715709806848,0.012017738589769032,0.007454726015145309,0.002983493938121546,0.004355966771537714,0.014570711169324369,0.9444715709806848,0.004826946005458347,0.009318846529958848
2CXO J100057.5+684230,AGN,AGN,0.6008380284577461,0.6008380284577461,0.043670877810152005,0.12169106078207671,0.004475549066428598,0.014487793575426915,0.0050943132469741465,0.2085370046201795,0.0012053724410160795
2CXO J172430.7-341551,YSO,YSO,0.9932390818199702,0.00015877523961398352,0.001550395998320161,0.0006039148702608781,0.0003874055963380024,0.0009209509200872757,0.002870152404973041,0.0002693231504361981,0.9932390818199702
2CXO J171240.6-382542,YSO,YSO,0.9909683581693498,0.00013654575831456472,0.001732702250409325,0.0004671882632407119,0.0002833894534986575,0.0006358768305934631,0.005616899412628681,0.0001590398619646727,0.9909683581693498
2CXO J064107.4+093433,STAR,STAR,0.9833215982873196,0.0006751916286397853,0.0022623084898587037,0.0023043789034389904,0.005884310946741891,0.0018862546290319114,0.9833215982873196,0.0006215910028594603,0.00304436611210963
2CXO J064519.2+001130,STAR,STAR,0.991276250462,0.000750810602859781,0.0014627481843991904,0.0013617555166476971,0.0009770877631102217,0.0011778710197975432,0.991276250462,0.0008853326894283351,0.002108143761757322
2CXO J141104.1+521755,AGN,AGN,0.9862884458740371,0.9862884458740371,0.0029425749674381737,0.0016290077066174976,0.00012829511928140952,0.001363444678871771,0.00029402040157700253,0.007280806727465839,7.340452471119197e-05
2CXO J003536.5-431646,AGN,AGN,0.6309974441237952,0.6309974441237952,0.028281790930769192,0.24500277188734434,0.0038335663806615024,0.05211555927711561,0.015046421723425121,0.022699450634508775,0.002022995042380215
2CXO J064047.5+094929,STAR,STAR,0.8814215173178764,0.010881914826114327,0.03774587268605775,0.017710122338243286,0.008382030123046951,0.03545687735281773,0.8814215173178764,0.0038123822964999834,0.004589283059343565
2CXO J064114.1+092640,STAR,STAR,0.9880492806817469,0.0006807379632710668,0.001797107681368423,0.003357875529602076,0.0015516061426133541,0.0006810880276821107,0.9880492806817469,0.0006469569076108852,0.0032353470661052757
2CXO J100513.1-074248,LMXB,LMXB,0.9925987304648508,0.0005267752283472656,0.0010160161241770285,0.0030630849550685765,0.9925987304648508,0.0007122641711831147,0.0006283885086185534,0.0013372634021914644,0.00011747714556355138
2CXO J142214.5-002915,AGN,AGN,0.982965961030428,0.982965961030428,0.0045406102335906265,0.002370814262149388,0.000317494729146304,0.002441438145046296,0.0002974952846677653,0.006936013467570616,0.0001301728474008286
2CXO J003324.1-431701,AGN,AGN,0.8676688460445181,0.8676688460445181,0.012083367224550196,0.07005646921655728,0.0016906811667058326,0.02796765950935852,0.004831258119671335,0.013773727771526861,0.001927990947111938
2CXO J100513.1-074422,LMXB,LMXB,0.9813516458929006,0.0023195524721025752,0.002191057641122708,0.008347928718790655,0.9813516458929006,0.0011801207082406226,0.0020012695866231042,0.0016599124235358229,0.000948512556683871
2CXO J142351.8+421334,AGN,AGN,0.9296239220856183,0.9296239220856183,0.014863504207213237,0.003385830924128885,0.0007293277936159895,0.0048653507660532044,0.0014191993784567725,0.04309072702396403,0.0020221378209494775
2CXO J180230.9-230235,YSO,YSO,0.40837140704001346,0.008324059514260662,0.1513888519708512,0.00851075059154428,0.026422766041015202,0.07839212091571314,0.3009066905647713,0.017683353361830724,0.40837140704001346
2CXO J004351.5+005501,AGN,AGN,0.9814685956014414,0.9814685956014414,0.005567441884451918,0.007923101798250882,0.0009194185932095478,0.000582959689242099,0.0003551175476939436,0.003103135369276526,8.022951643377794e-05
2CXO J201740.2+362520,STAR,STAR,0.9925370967859226,0.00018159213286125743,0.0009369119989437652,0.00020558807636564827,0.0002227515245466064,0.0005903051478113847,0.9925370967859226,3.832509625547986e-05,0.005287429237293513
2CXO J004300.7+411127,CV,CV,0.9791707829967752,0.004008187239673484,0.9791707829967752,0.004872256178891354,0.006857055403429891,0.0005854629440952818,0.002939482875924653,0.0013825187077917886,0.0001842536534185855
2CXO J132953.9+471031,HMXB,HMXB,0.9855403574591609,0.002400072488378945,0.004986091503858353,0.9855403574591609,0.0009814987596533063,0.0005493080808910817,0.001122150534241855,0.004323623264322787,9.689790949265292e-05
2CXO J002752.4+002615,AGN,AGN,0.9414352486425096,0.9414352486425096,0.007763381947278391,0.004866539010362659,0.00030424086973607244,0.00039096508723515,0.0010527057040308717,0.04393887845985748,0.0002480402789896509
2CXO J053528.7-054133,STAR,STAR,0.9993246606095376,7.03355854497254e-05,0.0001580632219449223,0.00015073983961024135,0.00013425763952995765,4.062586739127114e-05,0.9993246606095376,7.074069295191166e-05,5.0576543584739285e-05
2CXO J084019.1-401549,STAR,STAR,0.9957554213126761,0.0001788640391246327,0.0004917086727729959,0.0006754776169450783,0.00020112578726367764,0.00046378382811775417,0.9957554213126761,0.00011552950103543575,0.002118089242064085
2CXO J185759.7+015920,YSO,YSO,0.9685417967199201,0.0009166707020952432,0.004896416566657337,0.0010604717474907075,0.0009101900133113287,0.00944453705896534,0.013594551258112594,0.0006353659334470741,0.9685417967199201
2CXO J104611.2-595522,YSO,YSO,0.9523055929550546,0.0005576334931216432,0.0010482425255023636,0.0024529426578523282,0.0004941815227598333,0.0034077365003889895,0.039040347520918464,0.0006933228244015101,0.9523055929550546
2CXO J100249.5+015532,AGN,AGN,0.9797170145631962,0.9797170145631962,0.00301705597283035,0.01072943518664849,0.0030201350249645493,0.0005972840193811222,0.0012223822691664042,0.0015602006897585086,0.00013649227405455115
2CXO J190947.4-374414,PULSAR,CV,0.5721617149735262,0.004156336538697493,0.5721617149735262,0.019535677943328143,0.01769314053948617,0.28550964552865216,0.02263575202374398,0.0687890634884913,0.00951866896407447
2CXO J180435.2-241742,STAR,YSO,0.6644865895518397,0.003245822144240525,0.01741692352868676,0.003381664903270233,0.008842765095071153,0.001890020938894238,0.2980926056316941,0.0026436082063032154,0.6644865895518397
2CXO J070355.4-113421,STAR,STAR,0.9879476747888188,0.0014948680414262972,0.0014228750821687927,0.001775672384907187,0.0037954921568807112,0.002044151688610156,0.9879476747888188,0.0009666976600034221,0.0005525681971846661
2CXO J102400.3-574528,YSO,STAR,0.7658012105282314,0.0036318587364779454,0.006950942708471639,0.017760074962646255,0.010014846798621998,0.0028757899556729294,0.7658012105282314,0.00532669207599978,0.18763858423387783
2CXO J052109.8+163821,AGN,AGN,0.6243163210813963,0.6243163210813963,0.12572498676724903,0.12879618085836336,0.008222746200636875,0.040727293923802234,0.009053904001483464,0.05997164557908743,0.0031869215879812376
2CXO J151314.8-585932,YSO,YSO,0.9658710459672475,0.000708185036864748,0.017184760333283172,0.0019195122113806553,0.002421282146017763,0.00473520665448782,0.006569452303029532,0.0005905553476888076,0.9658710459672475
2CXO J140308.3+541811,HMXB,HMXB,0.9890959691004314,0.007028997988686379,0.0022212063447143576,0.9890959691004314,0.0001579623837601181,0.0003337286940143363,0.0003263348880317957,0.0007851448275856131,5.0655772775977183e-05
2CXO J132956.0+114239,AGN,AGN,0.9722084933850397,0.9722084933850397,0.00492411578970138,0.0004068952854455495,0.00018908399060412338,0.0051346841223089395,0.00022802884809429357,0.016795069182817465,0.00011362939598840638
2CXO J114153.3+021924,AGN,AGN,0.9463807702317992,0.9463807702317992,0.013786665447452943,0.001909761301706368,0.0008473969433669227,0.0023881392471114924,0.0010226804873596901,0.033086931485698086,0.0005776548555052452
2CXO J133206.9+624202,AGN,AGN,0.763379526359011,0.763379526359011,0.023024454277289042,0.07978356844170684,0.007486235994097668,0.01258701567816286,0.058875802196530214,0.05294699803639081,0.0019163990168117719
2CXO J054135.0-015530,STAR,STAR,0.8933347525570574,0.01599257128739486,0.022402894398600288,0.024582434862660263,0.012443404134556066,0.014396890439587631,0.8933347525570574,0.011609147302724354,0.005237905017419251
2CXO J003312.3-431841,AGN,AGN,0.960871574305303,0.960871574305303,0.0071616965253691565,0.015025031277458445,0.0005532487024388827,0.006069074074381414,0.0006632509683778418,0.009397382449796224,0.0002587416968750279
2CXO J181845.8-134653,YSO,YSO,0.4098330906268814,0.015536935360527913,0.17885259201210413,0.023409720438891893,0.007025707203037559,0.1430490833031263,0.21364531340807807,0.008647557647352613,0.4098330906268814
2CXO J140332.3+542102,ULX,HMXB,0.7448685105281968,0.023318191486097213,0.02280205104978738,0.7448685105281968,0.012947961775557834,0.0064591769421510105,0.007134527200433982,0.1815151476128675,0.0009544334049082779
2CXO J021857.8+570730,STAR,STAR,0.9868314350455503,0.001529460627680606,0.0016583264560630505,0.005692328188652026,0.0009711942455518237,0.0016058762058813276,0.9868314350455503,0.0013915196216149324,0.0003198596090058851
2CXO J124211.1+323236,ULX,ULX,0.5627534438203905,0.020756954670345773,0.01775153575406219,0.38825001798117587,0.0033088255531194327,0.0049024644333900925,0.0017980337590095816,0.5627534438203905,0.0004787240285065207
2CXO J153827.9-554934,STAR,STAR,0.9316634731603947,0.0006910842560957169,0.012482597280988914,0.002469181577054166,0.0012695815834306522,0.03125032158825068,0.9316634731603947,0.0004622763532939253,0.019711484200491514
2CXO J100111.9+023024,AGN,AGN,0.9947371914656898,0.9947371914656898,0.0008509447154082368,0.0017263373339851803,0.0002021503748933173,0.00013905851161965708,0.00012757256462900686,0.0020444884963011184,0.00017225653747368193
2CXO J055513.8-680213,STAR,STAR,0.997391431255047,0.00029550614961898735,0.00019024455973872816,0.0008752905519783346,9.229026449046576e-05,0.00039755617092876954,0.997391431255047,0.0006511674616630382,0.00010651358653492617
2CXO J103633.5+282821,AGN,AGN,0.9685606781816325,0.9685606781816325,0.006577810269028915,0.0008335725266853094,0.0005764094724989443,0.001216150509780942,0.0009832574529486323,0.021066986643923626,0.0001851349435012831
2CXO J171810.0-371853,PULSAR,YSO,0.883404377128841,0.0008733945184207047,0.005600791250008649,0.00301504659286899,0.0051190801975911915,0.020629950494290294,0.07894769557702128,0.0024096642409582123,0.883404377128841
2CXO J004941.2-724848,STAR,STAR,0.4219483794553788,0.026387866352456938,0.057536095710658736,0.3892596074284156,0.02936296974453251,0.04927647044850519,0.4219483794553788,0.01790758881718812,0.008321022042864045
2CXO J203557.2+421744,YSO,YSO,0.36875733292618634,0.040811449371917455,0.0741322032626556,0.06457835278608424,0.05219672590430196,0.2561974439318378,0.023022267497324004,0.12030422431969255,0.36875733292618634
2CXO J042654.3+260650,STAR,STAR,0.9992379905927851,9.10641261464613e-05,0.000168008589175584,0.00014097768111519439,0.0002480934168591293,3.895381963425639e-05,0.9992379905927851,6.63285134473562e-05,8.5832608368385e-06
2CXO J051408.3+005632,AGN,ULX,0.3169242298994247,0.08661324507690575,0.18761513859594664,0.06834041048993138,0.12007277995824568,0.15840864022364207,0.043777637586389785,0.3169242298994247,0.018247918169513766
2CXO J183122.4-621642,STAR,STAR,0.9941991905496176,0.0002617647115657871,0.001651600398864968,0.0014138128352212103,0.0002156178683625027,0.002109902136046655,0.9941991905496176,7.598605600751454e-05,7.212544431347378e-05
2CXO J101246.5+061604,AGN,AGN,0.925869654668606,0.925869654668606,0.011214924560542756,0.014604849904667424,0.010587902990792993,0.005513551376209773,0.004476695421572989,0.02609143253562354,0.0016409885419845782
2CXO J053456.9-052206,STAR,STAR,0.9303065175765742,0.012128710814150347,0.029163341233093623,0.013294675926082895,0.005848298958947746,0.001895760701358599,0.9303065175765742,0.004526908310394361,0.002835786479398184
2CXO J111959.4+063641,AGN,AGN,0.9101402966560028,0.9101402966560028,0.006194125925115943,0.014642374034511322,0.001181478743362575,0.001070142510420552,0.0013439063587593484,0.06505302357300104,0.00037465219882641936
2CXO J053445.8-054813,STAR,STAR,0.991090760183759,0.0007488944639977452,0.0018409163315730422,0.0015143958149431652,0.001806615181249174,0.0008888360106330181,0.991090760183759,0.0017099991684509362,0.00039958284539375326
2CXO J034447.6+321911,STAR,STAR,0.9880378073788713,0.0011508973997355967,0.002293684940675603,0.003939036198521903,0.0014547316308941793,0.0013833509297935147,0.9880378073788713,0.0012009134377990768,0.000539578083709151
2CXO J060856.5+242135,STAR,STAR,0.9991882041185975,6.182374035921149e-05,0.00012071173267972836,0.00018014188082928536,0.00015375791601288777,5.448208577741844e-05,0.9991882041185975,0.00014188007035527726,9.899845538825434e-05
2CXO J112048.2+531117,HMXB,HMXB,0.868883518669328,0.016281785327981156,0.0018050678320017722,0.868883518669328,0.00043137254832231454,0.0011018016027782476,0.0007302782951128705,0.11059338357595105,0.0001727921485244564
2CXO J134133.1+353252,AGN,AGN,0.9419908688940003,0.9419908688940003,0.019056015737304734,0.005074756387564147,0.0014569728666052547,0.008469229218602837,0.002218998766088188,0.020619382479444576,0.0011137756503900211
2CXO J071848.0-245939,STAR,STAR,0.8020206297043684,0.017368235718887976,0.03776383120516032,0.03737000723391013,0.021799963070482632,0.04828854875236801,0.8020206297043684,0.029405617707958392,0.005983166606864124
2CXO J142620.2+351711,AGN,AGN,0.9885121315080209,0.9885121315080209,0.0031040862396487542,0.004962510608190882,0.00010249770194361625,0.0002945092595617736,0.00013447877407729428,0.0028146447702053004,7.514113835140641e-05
2CXO J095852.2+120244,AGN,AGN,0.9747221482747771,0.9747221482747771,0.013701530334259287,0.0019407171679247037,0.0007262356164777499,0.001556864971552876,0.0008096471369375209,0.006305396102151316,0.00023746039591932485
2CXO J181922.7-204645,YSO,YSO,0.7374082165339807,0.0017361414838141817,0.009604835085418205,0.0019845625828507955,0.002744943445070429,0.00904220414738043,0.23670020732155717,0.000778889399927959,0.7374082165339807
2CXO J052441.0+015438,STAR,STAR,0.9920303053923522,0.0009444569625368164,0.0018981727777661614,0.0022039391240830813,0.00040794601187858656,0.0007876037012105744,0.9920303053923522,0.0013812158325815465,0.0003463601975908416
2CXO J091059.3+541716,AGN,ULX,0.4881663721077081,0.4275462234461535,0.020316301714465884,0.049306014258308266,0.003353139618607911,0.004303110488437367,0.005661461959836752,0.4881663721077081,0.0013473764064822608
2CXO J172615.1-343123,YSO,YSO,0.9950715358249328,0.00048680865210256106,0.0004775419364951001,0.000596367115600249,0.0002563358352430158,0.0007100175589556478,0.0022050742464733205,0.00019631883019708275,0.9950715358249328
2CXO J100508.0-074533,LMXB,LMXB,0.9624920904874714,0.0027853662594910043,0.003174315376348209,0.018535801620234518,0.9624920904874714,0.0021468925297902577,0.0013474924076279794,0.009164755147428854,0.00035328617160747884
2CXO J180409.9-242532,YSO,YSO,0.8541829817609662,0.0008764273441619981,0.0048138275916774385,0.0010756512527960193,0.0013306755030239926,0.0005701915111890373,0.13677928271478976,0.0003709623213953249,0.8541829817609662
2CXO J162622.0+295237,AGN,AGN,0.9989498541187,0.9989498541187,0.00028416750753629575,8.694234729194464e-05,1.8930054688743294e-05,0.00029709238384294175,4.240141717142727e-05,0.0002878293278459105,3.2782842922654763e-05
2CXO J203913.0+421621,YSO,YSO,0.9939055243857907,0.0004474294664288434,0.0006215621772075137,0.0011345180431575543,0.00017211188233221827,0.0008054676981390591,0.002763301552437237,0.00015008479450719404,0.9939055243857907
2CXO J104749.4+122748,AGN,AGN,0.9571985995581647,0.9571985995581647,0.002214895827954443,0.00576559753470815,0.009657452142969697,0.0012906084925070806,0.0027954623823450366,0.02062521618106509,0.0004521678802860864
2CXO J213634.8+572612,STAR,STAR,0.5534724000278496,0.01833617433909076,0.04856731571024558,0.01961227530453323,0.03899532571990405,0.26914842042348364,0.5534724000278496,0.047704676076104,0.0041634123987891606
2CXO J054706.9+000047,STAR,STAR,0.9933919526129473,0.00047330561404575975,0.0027629825406602295,0.0015209269645941133,0.0009104498670517307,0.000532402895348765,0.9933919526129473,0.0002547172545970835,0.00015326225075545572
2CXO J161354.8-630027,STAR,STAR,0.5825565777537194,0.0006816707800597034,0.021081450290552677,0.0017146280326556114,0.0011063543361953224,0.388317580453771,0.5825565777537194,0.003917916664249871,0.000623821688796381
2CXO J163702.4-470223,YSO,YSO,0.8503805752691603,0.0019428730070492053,0.021385869437642122,0.0056268890420107,0.0052369789774528875,0.08080635185898111,0.026953613588514103,0.007666848819189277,0.8503805752691603
2CXO J083755.6+150149,STAR,STAR,0.9974208157270396,0.00031953038866664916,0.0004795769006810203,0.0008734888531725625,0.00047340892744853516,0.00015800193350497103,0.9974208157270396,0.00024307416208610143,3.210310740051074e-05
2CXO J110526.2-610749,PULSAR,PULSAR,0.43107372589836157,0.03461259725528545,0.07791243608198141,0.16167770476962515,0.038367587244530876,0.43107372589836157,0.039960035451084674,0.021179746585506466,0.19521616671362443
2CXO J100226.9+015940,AGN,AGN,0.9879978267367591,0.9879978267367591,0.005515355791285167,0.0013620887212797306,0.00039574451530117224,0.00022059616485256868,0.0001893525873156626,0.004270903121379542,4.813236182720136e-05
2CXO J111141.1-604222,STAR,STAR,0.9759986331748461,0.0006439863657909936,0.0018033781269048254,0.0041368153827967356,0.0007727797087674567,0.004807710056722842,0.9759986331748461,0.0006645268120697752,0.011172170372101468
2CXO J140108.7+025649,AGN,ULX,0.6697643985093524,0.10509838905261414,0.05059995130796562,0.12267862904661861,0.01442332721028111,0.00473568095520283,0.029850532995967453,0.6697643985093524,0.002849090921997858
2CXO J100036.0+022830,AGN,AGN,0.9830379353705593,0.9830379353705593,0.0022685427992929987,0.0037510575371237,0.004721967374764213,0.00048816278925234885,0.0003625646636102049,0.005262789212874089,0.00010698025252325218
2CXO J120720.7+430552,STAR,STAR,0.8076405568701751,0.0018424724383925785,0.00016219009718950025,0.1894643840489218,8.2768535834272e-05,0.00018558250514671826,0.8076405568701751,0.000565487924281843,5.6557580058347465e-05
2CXO J111219.5-611742,YSO,YSO,0.9110295332218448,0.0014289115562775253,0.003153450729324278,0.0052875288032774555,0.004040662127121481,0.029031140835760267,0.04473589198763365,0.0012928807387604475,0.9110295332218448
2CXO J104442.6+591919,AGN,AGN,0.9898152350930577,0.9898152350930577,0.0005946069250644704,0.005847304832377793,5.236365599760035e-05,0.00012092950635957323,0.00012367294360468825,0.0034179504133707126,2.79366301674425e-05
2CXO J054707.2+001932,STAR,STAR,0.9880048534750553,0.00111686323326468,0.0012571028029657715,0.003225425095294917,0.0006603546883384963,0.004904086343035406,0.9880048534750553,0.0007688151107578367,6.249925128755969e-05
2CXO J064046.9+094848,STAR,STAR,0.9889596556713178,0.0007536340728402494,0.0026829710474524583,0.0011995422674823397,0.0015947260751375493,0.0020763747483767063,0.9889596556713178,0.0016154507349336023,0.0011176453824592062
2CXO J042956.2+351742,STAR,STAR,0.32130941859088946,0.15909936191996132,0.08641948500833133,0.10182130444944854,0.059495270625034034,0.07262876604899757,0.32130941859088946,0.1643098512319526,0.034916542125384996
2CXO J140313.6+542615,HMXB,HMXB,0.9632621860719132,0.028738019197008625,0.002575384195713366,0.9632621860719132,0.0003324416142049493,0.0003435053403455209,0.0004855035154782912,0.004150360218951532,0.00011259984638447284
2CXO J234738.6-280500,AGN,AGN,0.9841255268348916,0.9841255268348916,0.005128685738174472,0.008551396272729694,0.000191368867977517,0.0012298037733076647,0.00019454293658695892,0.0004201954787404186,0.00015848009759166496
2CXO J130128.7-005804,AGN,AGN,0.9825121009151618,0.9825121009151618,0.0028734440759018575,0.0008587687370233167,0.00032787065197465576,0.00744085321544322,0.00041508421884410205,0.005336351221876214,0.00023552696377468173
2CXO J180358.2-241649,YSO,YSO,0.9466073454383921,0.0005501956020356786,0.0038663608574479695,0.0005499324645053338,0.0014499278405761741,0.00047555517285611924,0.04626801020464357,0.00023267241954307174,0.9466073454383921
2CXO J100049.9+020500,AGN,AGN,0.9815751122357915,0.9815751122357915,0.0030184375517526042,0.003310978090792655,0.005442495796114516,0.0006798394756523978,0.0006507050147512315,0.005257398991738715,6.50328434063538e-05
2CXO J144603.6-623209,STAR,STAR,0.9576441368547036,0.0007627283002020468,0.009769929065999801,0.003945606431245837,0.0008424863653737757,0.02560835671507796,0.9576441368547036,0.00031986664974768803,0.0011068896176493087
2CXO J053523.2-052135,STAR,STAR,0.9863183096257458,0.0015589118187777661,0.004528451053651142,0.0022716469184411565,0.002527564361136741,0.001283246340201251,0.9863183096257458,0.0008467101254810645,0.0006651597565652215
2CXO J100519.2-074301,LMXB,LMXB,0.9782281077533093,0.0011103925612045583,0.0026661579796448147,0.013421468470335868,0.9782281077533093,0.0008728864224522197,0.0009734125967435838,0.0025204674380869007,0.00020710677822294307
2CXO J105302.4+573756,AGN,AGN,0.5958208698789196,0.5958208698789196,0.042775919372201765,0.12404688941471527,0.002660974753540359,0.004031797947797762,0.004160839939098332,0.2253426552704192,0.0011600534233077286
2CXO J083749.6+364145,AGN,AGN,0.9485079362935153,0.9485079362935153,0.005341265547101028,0.009697841101361845,0.0013024766687227312,0.0022690304320662994,0.0013260906380658983,0.031085710350574138,0.0004696489685925525
2CXO J085417.6+532735,AGN,AGN,0.8995104903432588,0.8995104903432588,0.012367856582598558,0.009577943280942745,0.0009994223785731327,0.005099478218662113,0.0025632897766249825,0.06932416671155793,0.0005573527077815748
2CXO J032515.5+003408,AGN,AGN,0.8926377268869582,0.8926377268869582,0.016361930802329647,0.06114823665177702,0.002414507589052181,0.007713988209914061,0.004202723290891947,0.014722286333452291,0.0007986002356245678
2CXO J102359.6-574456,YSO,YSO,0.9531957332952375,0.0003041895038749912,0.0011979831677555338,0.0018178290963123563,0.0007855485412737476,0.0005612049105762282,0.04169583704493505,0.0004416744400342046,0.9531957332952375
2CXO J203423.1+411154,YSO,YSO,0.995012637388953,0.00022522041845065774,0.0002861627512813388,0.0001968419154474411,0.0001291037127077117,0.0006172291528392814,0.0033537579560175817,0.00017904670430282643,0.995012637388953
2CXO J124406.9+113523,AGN,AGN,0.9761535206826127,0.9761535206826127,0.008446549486605422,0.00061130312312402,0.001140023338000759,0.0030602146390664806,0.000437965700169734,0.009932179688010799,0.0002182433424096736
2CXO J043020.4+351455,STAR,STAR,0.9360105129867156,0.004031350906225816,0.01162779531520966,0.006575777155964198,0.006314157370598241,0.030761826421946765,0.9360105129867156,0.0024145680366918867,0.0022640118066478026
2CXO J180457.9-283353,CV,CV,0.8972293526745535,0.00886530536317617,0.8972293526745535,0.010437177307998476,0.011712638177400769,0.030703502023366514,0.017483367046299443,0.009825262639293236,0.013743394767911622
2CXO J140034.7+004733,AGN,AGN,0.9793320803505572,0.9793320803505572,0.0057794605396030456,0.000654458344086241,0.0004020761392292414,0.0013962033721429319,0.00044565038053838825,0.011424283000320135,0.0005657878735226835
2CXO J053438.1-053549,STAR,STAR,0.9979444181133342,0.0001830633217482234,0.00031523140143849705,0.0003487834896487826,0.0005396483381115958,0.00018412795105909538,0.9979444181133342,0.0002806500574199662,0.00020407732723964862
2CXO J174603.0-285640,STAR,STAR,0.805754595183603,0.000855614204247997,0.005197291454820482,0.000606205594619283,0.0016389822045536312,0.0005753398981645237,0.805754595183603,0.0003320656978278625,0.18503990576216314
