name,true_class,pred_class,pred_prob,prob_AGN,prob_CV,prob_HMXB,prob_LMXB,prob_PULSAR,prob_STAR,prob_ULX,prob_YSO
2CXO J180452.8-242428,YSO,YSO,0.9852241122705092,0.0005460312515908947,0.004980684004280557,0.0006117276694279248,0.0002749559035598403,0.0008008118667638357,0.006966942369912128,0.0005947346639554429,0.9852241122705092
2CXO J053508.0-063348,STAR,STAR,0.9964757200967049,7.052837964399899e-05,0.00016307391532376878,8.836612168383388e-05,0.00014496257648668174,0.0005594824710817429,0.9964757200967049,0.0024818622618305963,1.6004177244318985e-05
2CXO J140854.8+021424,AGN,AGN,0.9830995937395337,0.9830995937395337,0.0056072139917025445,0.0003723868681407521,0.00010215951977154969,0.0019206198720507215,0.000410276934710885,0.008382674750908422,0.00010507432318143085
2CXO J095438.7+403204,AGN,AGN,0.9978559136422835,0.9978559136422835,0.0008563757480490577,0.0001615203131571562,2.576820156553659e-05,0.00026346645898354113,0.00030316551454869894,0.0005206432768934817,1.3146844518727683e-05
2CXO J044529.7-591328,HMXB,HMXB,0.7491926905633101,0.025924638378809612,0.05372952363059038,0.7491926905633101,0.007276025398455372,0.07797277962493285,0.034074721494659156,0.04824152346217495,0.0035880974470674353
2CXO J181831.3-134832,YSO,YSO,0.9954467823585965,0.00014462390060403373,0.0011595242254300805,0.00014088817446348723,8.988867599077124e-05,0.0005030544237694691,0.0024096433758787686,0.00010559486526648699,0.9954467823585965
2CXO J132933.2+471440,HMXB,HMXB,0.961535820482703,0.0032184037961963956,0.0030671512222575905,0.961535820482703,0.000873586192501927,0.0019250448044063867,0.000584520679524062,0.02863767427707687,0.00015779854533381544
2CXO J121843.3+153617,AGN,AGN,0.9874022562487703,0.9874022562487703,0.00221354218060298,0.0003131660648803957,8.880307042297722e-05,0.0010757252220665353,0.003208206065611909,0.005586443147402003,0.00011185800024311465
2CXO J071850.1-245327,STAR,STAR,0.9879608028155235,0.0008533600287041839,0.0028750306908766803,0.004308003328789667,0.0005030629250268426,0.0022133236653195483,0.9879608028155235,0.0008824427549249348,0.00040397379083466833
2CXO J110917.6-762757,STAR,STAR,0.9924851047967241,0.0004545007470529905,0.0009974185282394096,0.002180566363889201,0.0004343986563676723,0.002907162563374227,0.9924851047967241,0.00040249568100237147,0.0001383526633498673
2CXO J181808.0-165420,YSO,YSO,0.9946742904400961,0.00012306529417722937,0.0007467311730898562,0.00031432244007064563,7.234438206365166e-05,0.001059396471475223,0.0029345377451479326,7.531205387904669e-05,0.9946742904400961
2CXO J171759.0-234602,STAR,LMXB,0.8561693645334166,0.0027664182861313145,0.10591698098929235,0.002869694288690222,0.8561693645334166,0.02085530487460087,0.0034449122975964007,0.0038811511147640526,0.0040961736155082995
2CXO J103522.7-244631,ULX,STAR,0.7352374541342106,0.013210130419312077,0.05098828987467057,0.0661445889476359,0.0214982618045767,0.04552834330367276,0.7352374541342106,0.051533009471972986,0.015859922043948402
2CXO J175229.0-300322,STAR,CV,0.7757012577704147,0.0018052381314041886,0.7757012577704147,0.00342567045987494,0.014096570541421575,0.011567433399039751,0.12793639709685348,0.004371639978189933,0.061095792622801515
2CXO J140246.7+541454,HMXB,HMXB,0.929738040283852,0.008582600339284149,0.004700539913307565,0.929738040283852,0.0030439707305197974,0.002367256749934377,0.0010599793442555025,0.049955429186962344,0.000552183451884269
2CXO J102134.2+215436,AGN,AGN,0.984370422837312,0.984370422837312,0.0013687607447955923,0.0004007479063180362,6.509357384972357e-05,0.0006658163565455864,0.00017497293767750516,0.012912794094383026,4.139154911854284e-05
2CXO J203605.9+422033,YSO,YSO,0.9858148371973035,0.0039197954885866184,0.0009869165296307642,0.00034901308762948495,0.0003641439904566228,0.0008978775377043016,0.007229013238990703,0.0004384029296982553,0.9858148371973035
2CXO J064050.8+095553,STAR,STAR,0.9716643012067057,0.0015188034551525597,0.014801273669899195,0.003457727266886352,0.0005184769561785579,0.005813900155199608,0.9716643012067057,0.0018031761097425773,0.00042234118023565064
2CXO J113008.7-144737,AGN,AGN,0.953720687320189,0.953720687320189,0.0015750139415445826,0.01238024637411025,0.0005253983906283073,0.004224602049766592,0.0016590247143721628,0.02483303426005367,0.0010819929493354227
2CXO J143121.4+324913,AGN,AGN,0.9950210147465253,0.9950210147465253,0.001520384066168736,0.0007210556254573332,4.703166178968053e-05,0.0009580890423115528,0.0007143944155570522,0.0007978754208488102,0.0002201550213418937
2CXO J172106.4-354637,YSO,YSO,0.9515256883093366,0.0008726597389329045,0.029282215856479388,0.002259676898170969,0.0014160681793036884,0.00861096117528653,0.005199819454750353,0.000832910387739665,0.9515256883093366
2CXO J100510.4-074449,LMXB,LMXB,0.9910222806549731,0.0007251088259582557,0.0007940225282642882,0.004999219300866609,0.9910222806549731,0.0011615757741466758,0.0004853519551443783,0.0006421275827114954,0.0001703133779350349
2CXO J203251.5+401946,YSO,YSO,0.9946968779398301,0.000326248903750908,0.0008867241920787908,0.0003135225235821577,0.000228310804483881,0.000835686233730813,0.0023232400229808545,0.0003893893795627507,0.9946968779398301
2CXO J064031.1+094932,STAR,STAR,0.8899902446587685,0.011254672221573026,0.01991512610917835,0.022344423415988565,0.009670476737441966,0.013093723415255347,0.8899902446587685,0.012819413829917017,0.02091191961187714
2CXO J120156.6-185319,HMXB,HMXB,0.8639928487836454,0.04081115129028094,0.014302918700653705,0.8639928487836454,0.01078535696771503,0.010128322767824126,0.013214317351309245,0.04145726727616917,0.005307816862402572
2CXO J202644.0+372213,STAR,STAR,0.7754505258226176,0.0007761932782300791,0.0019276268285910102,0.0012857775017609382,0.0008951657808016864,0.0037157935992193124,0.7754505258226176,0.0025394224259807172,0.21340949476279883
2CXO J111110.6+553949,HMXB,HMXB,0.9805674848790119,0.004602763894825188,0.0010190102625268057,0.9805674848790119,0.0002473103028029781,0.0008016031208004614,0.000633009991235099,0.01194673295250766,0.00018208459629003203
2CXO J053530.8-045518,STAR,STAR,0.9831422378204449,0.0027234005977390947,0.0024883337097489607,0.0029247743658857347,0.0007628184132108768,0.005854364169274912,0.9831422378204449,0.0018743793283283443,0.00022969159536721272
2CXO J073726.1+653505,HMXB,HMXB,0.8696741465791106,0.02537726820471739,0.03686388468665415,0.8696741465791106,0.009908857203722882,0.018959405973562733,0.022950453159877714,0.01139283376234739,0.00487315043000728
2CXO J184625.8+091949,PULSAR,PULSAR,0.7204327010727275,0.012497652032111376,0.20611086152437463,0.012654677691975,0.013521575173112223,0.7204327010727275,0.008660199609951224,0.01512240571351433,0.010999927182233787
2CXO J080507.7+523525,AGN,AGN,0.9736844557806614,0.9736844557806614,0.0036522920158413024,0.002096724673522962,0.0011791155557000026,0.0006171926204143759,0.000996112497095319,0.01765927849822355,0.00011482835854115109
2CXO J180430.8-242644,STAR,YSO,0.6753860528822672,0.007413255151623288,0.11945722541056658,0.009197596455527424,0.00900907396144521,0.06908324272129572,0.0891438463660655,0.021309707051209093,0.6753860528822672
2CXO J181920.9-133636,YSO,YSO,0.9711845374739465,0.001260002561265194,0.007173108284765456,0.0008144526273009431,0.0009656916861099301,0.014250871077900707,0.003423719361570131,0.0009276169271413189,0.9711845374739465
2CXO J214515.9+381938,STAR,STAR,0.9868744691614041,0.0005875010084644418,0.0034980801929028944,0.0005961805276580741,0.0007318886358217317,0.005171848040581578,0.9868744691614041,0.0024622414901954836,7.77909429717169e-05
2CXO J053518.0-052140,STAR,STAR,0.26910055973210734,0.03151492811808562,0.19268487320210312,0.11476056790902844,0.21207320036515742,0.13447757703652533,0.26910055973210734,0.03279693065675902,0.012591362980233894
2CXO J053504.1-051521,STAR,STAR,0.9716769950380851,0.002121489795251359,0.006350545654693998,0.008545874118400942,0.002227584354027812,0.0029785581957540506,0.9716769950380851,0.005548394069942011,0.0005505587738445878
2CXO J053538.1-051810,STAR,STAR,0.9647189879819363,0.0011949757260915706,0.013371976152569699,0.004934066347827306,0.012087320591695013,0.0012452335402374762,0.9647189879819363,0.002132661395423625,0.0003147782642187545
2CXO J064106.9+094054,STAR,STAR,0.9901339061972767,0.0007038849166762626,0.001789118600188527,0.001895858603097718,0.0010417408579980977,0.0022386153164633354,0.9901339061972767,0.001033811827697316,0.0011630636806020409
2CXO J090525.3+341500,AGN,AGN,0.9032399305096148,0.9032399305096148,0.015921139637635345,0.015461942899131846,0.0009298730881318379,0.004453944679849912,0.0021583595417372066,0.057029229735667125,0.0008055799082319153
2CXO J150440.4+010734,AGN,AGN,0.8831220575791507,0.8831220575791507,0.04669525015086172,0.032640621120053365,0.0011255030236623975,0.011913754829213087,0.012536474528021948,0.010525175233888287,0.0014411635351483903
2CXO J111154.1-611450,YSO,YSO,0.7498125050657928,0.00092924962616945,0.002941374448602907,0.004361928438888272,0.0016642539399896218,0.0023626678846918863,0.2371843432208129,0.000743677375052118,0.7498125050657928
2CXO J172559.4-341733,STAR,STAR,0.9031662254750861,0.00020558699758289027,0.004672243187659679,0.0007986640910735332,0.0006077151667514385,0.0010065056447060767,0.9031662254750861,0.00021628106870301376,0.08932677836843733
2CXO J183340.2-082731,PULSAR,YSO,0.4711391447711945,0.00941265579208717,0.1082189518202604,0.012446932976722972,0.057568331547118476,0.30503776965846174,0.02391744611291654,0.012258767321238179,0.4711391447711945
2CXO J121711.0+583525,AGN,AGN,0.9820576233879936,0.9820576233879936,0.0018156006323176211,0.00996452507905023,9.79040189613363e-05,0.0005588365544387134,0.00021042480574570067,0.0052511707571042,4.3914764388656714e-05
2CXO J172109.5+354215,AGN,AGN,0.9778905877001294,0.9778905877001294,0.003953875782565958,0.0024994610057708024,0.0008189930629073861,0.012250005320114539,0.0013675934694793506,0.0010224489216301186,0.0001970347374026835
2CXO J205357.5+322314,STAR,STAR,0.9816242577254738,0.0003033443909212646,0.0016666538128634375,0.0005277557621190811,0.000969404069657007,0.013181879518961041,0.9816242577254738,0.000498485375367484,0.0012282193446369113
2CXO J155058.6-562835,HMXB,LMXB,0.4673050089456405,0.004529060665936134,0.3318989553118204,0.025434373450025402,0.4673050089456405,0.010070849673065636,0.02427852967937408,0.005062495469067805,0.1314207268050701
2CXO J020847.2+002014,AGN,AGN,0.9893009582023857,0.9893009582023857,0.0009680770454328292,0.0013645259173593691,0.0001420317850799874,0.0019232238579184552,0.00022582715158434708,0.006049008580938879,2.6347459300210783e-05
2CXO J164705.8-455033,STAR,PULSAR,0.6757698259386238,0.0063989509094888545,0.11510535613356629,0.019566523802668205,0.03205827530093089,0.6757698259386238,0.05054686746547021,0.008399385832463925,0.0921548146167879
2CXO J093401.9+551428,ULX,ULX,0.8365595731640931,0.10578462263617225,0.035629495114434875,0.014495511533752925,0.0006123521761866972,0.0041307343788570625,0.002412980826151521,0.8365595731640931,0.00037473017035168825
2CXO J111132.3+554026,HMXB,HMXB,0.9863836096482987,0.004386173932231578,0.0010716088127456118,0.9863836096482987,0.0002682614417421572,0.0007426812117777715,0.0009388308011282786,0.006011324077622215,0.00019751007445377856
2CXO J053510.1-052232,STAR,STAR,0.9903196797696663,0.0005459103397002727,0.004151075285739199,0.0017775088933134015,0.0006432665637455524,0.0019661764211632354,0.9903196797696663,0.0005061795060150569,9.020322065709061e-05
2CXO J191001.2+050222,STAR,STAR,0.9919405288912606,0.00010754883313181388,0.0012162137361874776,0.000175108750048005,0.00043946604111661945,0.0026886623216134846,0.9919405288912606,0.0001291394533214265,0.003303331973320604
2CXO J132951.9-020331,AGN,AGN,0.9935083290018991,0.9935083290018991,0.0023667732895674997,0.00016593161171436291,3.8538758376668094e-05,0.0015709922027112703,0.00041445575397905523,0.0018741435457074807,6.0835836044136484e-05
2CXO J181328.0-163548,YSO,YSO,0.6180971299517367,0.005663980337983468,0.28215998591846775,0.007918309393889471,0.0026287434543395454,0.06919994580422602,0.007290361738513965,0.007041543400843124,0.6180971299517367
2CXO J090630.7+693030,AGN,AGN,0.7571939663805444,0.7571939663805444,0.0021679750387102858,0.020558390476333798,0.0014004784364771363,0.0037394959817167125,0.002046636539488599,0.2125834042603721,0.000309652886356775
2CXO J110014.5-771437,STAR,STAR,0.7919290908847403,0.0008182499788196946,0.005249765625709304,0.0019226546447734098,0.0033189394731771697,0.19550293065827368,0.7919290908847403,0.0008597036280875708,0.0003986651064187749
2CXO J111119.0+133603,AGN,AGN,0.9789503385205641,0.9789503385205641,0.0009996302641005802,0.00035987282754393384,7.91965797885251e-05,0.0007324424449253413,0.0012206131772848961,0.017601232657660455,5.667352813230489e-05
2CXO J084840.6+445733,AGN,AGN,0.9937804642156248,0.9937804642156248,0.0006763542727415877,0.001385231079955228,0.0002930577449368675,0.0011086943613536604,0.0001789089298058641,0.002537157389592839,4.013200598931965e-05
2CXO J131733.5+290811,AGN,AGN,0.5897576069595274,0.5897576069595274,0.3406297348157674,0.02640737781240287,0.0008113333414695956,0.013819124260137339,0.0009481014204424696,0.026736431619793607,0.0008902897704594512
2CXO J172215.6-382901,STAR,YSO,0.9471865027984321,0.0011174591979821555,0.019496300917833186,0.0031177692544781684,0.0027101211452751164,0.012730287510615189,0.012545176062498406,0.0010963831128858572,0.9471865027984321
2CXO J001500.6-391218,HMXB,HMXB,0.9296645418371939,0.008092070405758354,0.007720680191541176,0.9296645418371939,0.001537631630733994,0.0034349345265330734,0.0014091810185628832,0.04739840130043386,0.0007425590892427483
2CXO J140256.3+541947,HMXB,HMXB,0.9889101276037114,0.0025831597593117214,0.0027650250587576484,0.9889101276037114,0.0004356879844837742,0.0009679974185532529,0.0007921651118969343,0.0033791823369571854,0.00016665472632812665
2CXO J064045.0+095127,STAR,STAR,0.968983476989268,0.0033804375610001873,0.0061299975147670145,0.0068206810534893365,0.002133032624663781,0.0031417729226702563,0.968983476989268,0.004250202951674153,0.0051603983824672186
2CXO J110224.8-773335,STAR,STAR,0.7981372418723258,0.0038086311980777754,0.04185722508260122,0.032959683221333524,0.016372431908218313,0.08930925144624641,0.7981372418723258,0.012455697884771025,0.005099837386425798
2CXO J071838.9-245847,STAR,STAR,0.9642863506732863,0.00250670020513056,0.013024634138552522,0.007442122730325333,0.0008431908959415262,0.010255069732315117,0.9642863506732863,0.001093424667955349,0.0005485069564933074
2CXO J232224.7-021341,STAR,STAR,0.9240867118087065,0.046599029558752406,0.000470726487719711,0.011999557639003929,0.013262412435145575,0.0017697561576842638,0.9240867118087065,0.0015388617715529052,0.0002729441414346105
2CXO J053426.1-052630,STAR,STAR,0.9931604171847084,0.0002769531775864059,0.003699397054082337,0.0012545231641531384,0.0006724345008239282,0.0003940724288941437,0.9931604171847084,0.000471682595600257,7.051989415144855e-05
2CXO J111959.4+063641,AGN,AGN,0.9784128216033474,0.9784128216033474,0.002400878629866662,0.0013776650859257953,0.00039233144762091315,0.0009104434263991508,0.0003391045251727341,0.016063734270567218,0.0001030210111002952
2CXO J203250.7+412335,YSO,YSO,0.9960934075008215,0.0001711168049805397,0.0011807600463718318,0.0001679450525275555,0.00022466109760468374,0.00035637473106573574,0.0017465375606808666,5.919720594713164e-05,0.9960934075008215
2CXO J003320.6-434248,AGN,AGN,0.9276559931830817,0.9276559931830817,0.005722672448673246,0.024548544338577758,0.000895224601750726,0.019110400930613964,0.002730350778064942,0.01872478016445434,0.0006120335547834159
2CXO J053520.7-052231,STAR,STAR,0.9930941294483312,0.00022594541468191104,0.0011083394835335074,0.0008215180492203703,0.004148562759288572,0.0002523596360244699,0.9930941294483312,0.0002882207913608127,6.092441755931791e-05
2CXO J181845.6-134656,YSO,YSO,0.9914757547753578,0.00018261985488465983,0.002498067318153145,0.00024216880575100765,0.00012955832014421343,0.0010169123923120923,0.0042909220027746,0.00016399653062238275,0.9914757547753578
2CXO J213632.6-543337,HMXB,CV,0.5216156955337528,0.023909189762576118,0.5216156955337528,0.3368737568587109,0.008631241737242293,0.08372105003494404,0.016099687424373517,0.005048842820716507,0.004100535827683868
2CXO J172519.0-342533,YSO,YSO,0.9982060558013419,3.7207532271006416e-05,0.0008634887360932085,0.0001032388245903917,2.4738946513748194e-05,8.762344468152073e-05,0.0006530979300653631,2.454878444281042e-05,0.9982060558013419
2CXO J170252.4-412848,PULSAR,PULSAR,0.4662817120625256,0.008630533288621067,0.11498579934655273,0.020703109660048926,0.011880812199768966,0.4662817120625256,0.015081593553135628,0.008594122724134708,0.35384231716521264
2CXO J053557.2-064027,STAR,STAR,0.9966796513486484,0.00037817499781733446,0.0003437905458528499,0.0008932711413311252,0.0005435029292667397,0.000628722822698366,0.9966796513486484,0.0004128068486695896,0.00012007936571552657
2CXO J100248.9+022211,AGN,HMXB,0.43515768133690236,0.2522355602382798,0.04419672400619475,0.43515768133690236,0.057110976461542805,0.0497926422773091,0.032402634573534664,0.12114347263985367,0.00796030846638291
2CXO J005206.1+473347,HMXB,PULSAR,0.44521572273113896,0.029435977174184516,0.33080986288979414,0.06690426105029136,0.02855345608555136,0.44521572273113896,0.035408310873857034,0.060048600618386294,0.003623808576796342
2CXO J051100.5-220154,AGN,AGN,0.8638321254302266,0.8638321254302266,0.01660430524783043,0.011837190534629779,0.0021379340881014894,0.007297775779058398,0.046487972866533236,0.05136592203525238,0.00043677401836758904
2CXO J053505.7-052315,STAR,STAR,0.9352197446603446,0.003359006519577754,0.027892185532949462,0.008056494696014783,0.007963980890467157,0.011849110545011692,0.9352197446603446,0.0043733325916812385,0.0012861445639534425
2CXO J062423.7+820937,AGN,AGN,0.9279730755180402,0.9279730755180402,0.02516012288492791,0.006741240563877932,0.0013605532641615993,0.012776194599141241,0.0018732947240392103,0.02369950631213699,0.00041601213367490475
2CXO J034431.5+320844,STAR,STAR,0.9909780606442234,0.0002468952320179691,0.002877929237277872,0.0010041385457457046,0.0036058331044968813,0.000354828979465391,0.9909780606442234,0.0008667256974383437,6.558855933454009e-05
2CXO J105331.6+572453,AGN,AGN,0.9716116446803038,0.9716116446803038,0.005427622240894574,0.015286833496276906,0.00014185704900988654,0.0008529891659627396,0.0002912459844530784,0.006316009275444019,7.17981076548853e-05
2CXO J064110.3+092149,STAR,STAR,0.9913075574055912,0.0003254945425221332,0.0016680835039851213,0.0014748442591878764,0.00412582754880908,0.00041636771390496775,0.9913075574055912,0.00044255493953772703,0.00023927008646202534
2CXO J095920.9+020031,AGN,AGN,0.9969259787413247,0.9969259787413247,0.00036192573982017705,0.0012059514413758543,0.00018271098337107429,0.0004115550186285716,0.00011805602738513299,0.000771102772435922,2.2719275658042193e-05
2CXO J174916.0-311548,YSO,PULSAR,0.3717725203882654,0.003551011735294129,0.07518002412948067,0.008458094718055564,0.0026862626715125912,0.3717725203882654,0.16956819759959105,0.003168529516009756,0.36561535924179084
2CXO J115907.9-781232,STAR,STAR,0.9417802606506294,0.0013091732039261785,0.009362319507495952,0.005205344353432861,0.0044691904575430924,0.03286995570954477,0.9417802606506294,0.0013430472913688867,0.003660708826059034
2CXO J215351.9+623324,STAR,STAR,0.9449733696957513,0.0011042439217457626,0.015129720817384847,0.006406647068688051,0.00902637046272868,0.020601769913734476,0.9449733696957513,0.002126066724309963,0.0006318113956570728
2CXO J203425.3+411436,YSO,YSO,0.936120545454297,0.0016935504275065317,0.009411540365826665,0.0023205446219994857,0.0028095755614028304,0.003798594202308893,0.04194745932751779,0.0018981900391406164,0.936120545454297
2CXO J021855.7+570906,STAR,STAR,0.9960149587485764,0.00013987965568126054,0.000687884187798507,0.0009059793885303955,0.0007894007393051198,0.0010569388035361013,0.9960149587485764,0.00031049516197028786,9.446331460165761e-05
2CXO J181825.6-164905,YSO,YSO,0.8480794712426334,0.0030406578861512552,0.04142586557940555,0.0042008164325512765,0.004574974660502222,0.03743947094290583,0.05909707701824627,0.0021416662376041104,0.8480794712426334
2CXO J172515.6-342444,YSO,YSO,0.9955496113106957,6.892976649541757e-05,0.0033423442850579943,0.0002049394624642484,0.00010237181053567714,0.00013483108200883147,0.0005507597803291781,4.621250241299971e-05,0.9955496113106957
2CXO J132935.7+471201,HMXB,HMXB,0.9860838666185853,0.0026976341112423126,0.0025434014294901473,0.9860838666185853,0.0007096526739349901,0.0011473993269583965,0.0005042729353215847,0.006121571430756483,0.0001922014737107607
2CXO J133431.2+374953,AGN,AGN,0.6566833308128273,0.6566833308128273,0.033912516309362525,0.08680039641301782,0.0023975552752538835,0.00324505584372179,0.0022096022405235245,0.21412203911581262,0.0006295039894808023
2CXO J064102.5+093513,STAR,STAR,0.945864456256148,0.0022131258097962225,0.01669240199817981,0.0073633804907702665,0.018973364209313785,0.004417432630548209,0.945864456256148,0.002911803346825133,0.0015640352584185425
2CXO J122903.5+294646,AGN,AGN,0.9787937382973048,0.9787937382973048,0.0008364891519063776,0.0003343985854503713,0.00013347761108276182,0.0009949243678326468,0.0016867670133086689,0.016939196066320904,0.00028100890679365174
2CXO J073652.0+653641,HMXB,HMXB,0.9478278119734499,0.004335674121110025,0.010408895686296757,0.9478278119734499,0.009016376722716525,0.009686685721391189,0.006846763163861424,0.010375136128421128,0.001502656482753031
2CXO J184741.2-022503,YSO,YSO,0.9946562300223759,0.00021652002884481146,0.001337854040678371,0.00029237824186061805,0.00011291571116184167,0.0009781052052135167,0.0017937508566841375,0.0006122458931809228,0.9946562300223759
2CXO J213712.5+574054,STAR,STAR,0.4464254819541308,0.014946033990242647,0.3216717903741731,0.012533695944240308,0.0038501046846383274,0.1802940441686523,0.4464254819541308,0.01878622776159069,0.0014926211223320633
2CXO J104043.6+593409,AGN,AGN,0.8266794615103865,0.8266794615103865,0.008948106012210586,0.04990918179593689,0.000688135441651261,0.003357597458305384,0.02599079002125246,0.08315311225271568,0.0012736155075412153
2CXO J053502.6-044929,STAR,STAR,0.9947293221153953,0.00032848294960339565,0.0007403266373583983,0.0006174706923905834,0.00015440379281256043,0.0029373184593416615,0.9947293221153953,0.00045512445966176444,3.7550893436573216e-05
2CXO J090735.3+520352,AGN,AGN,0.9868075768894466,0.9868075768894466,0.0006956137237111237,0.0015035539977626751,0.00019359184044292878,0.0006111307896079714,0.00031710593505678675,0.00981002380313346,6.140302083835147e-05
2CXO J100507.1-074309,LMXB,LMXB,0.9942939527763437,0.0004264681678726889,0.0005390607749625839,0.0033939629350618044,0.9942939527763437,0.00031747407370712714,0.00047751624931300084,0.00043593951058035435,0.00011562551215876443
2CXO J131708.7+291118,AGN,AGN,0.9790799097321233,0.9790799097321233,0.0017265260561978412,0.015359791052578927,0.0001658420877462546,0.0016290065372727876,0.0005644603563670265,0.001046939509556876,0.00042752466815700806
2CXO J053531.0-064517,STAR,STAR,0.9949135330538301,0.0005928342506537601,0.0006616603420548098,0.0011135080824162692,0.0007740741711105448,0.0008074524939375964,0.9949135330538301,0.0010261101298929267,0.00011082747610387814
2CXO J100530.9-074431,LMXB,LMXB,0.9878693336787264,0.0008489076124455051,0.0010114273236596773,0.006804819774542092,0.9878693336787264,0.0014750420039447375,0.0007034439655574946,0.001055199075356153,0.0002318265657680757
2CXO J132512.5+112329,AGN,AGN,0.867155081643062,0.867155081643062,0.006734312854589346,0.0014404727993680274,0.0003480279436119699,0.027659517014802654,0.0011811418031824155,0.09448862272484922,0.0009928232165346954
2CXO J140304.7+541534,HMXB,HMXB,0.9906203936798885,0.0020675649311207166,0.0016376291174574095,0.9906203936798885,0.0003783647447672382,0.000891672710251415,0.00042056711911834366,0.0038334911171730083,0.00015031658022349493
2CXO J131927.5+445656,AGN,HMXB,0.5426525457070703,0.28542020706924875,0.030171836852115077,0.5426525457070703,0.0011533971883077342,0.012587590358172465,0.006133927432366973,0.12111813560396038,0.0007623597887584003
2CXO J140249.1+541841,HMXB,HMXB,0.9868252166048262,0.003168667996093594,0.006310232728338377,0.9868252166048262,0.00036866748387081504,0.0009969397557692597,0.0007220769151086474,0.0014270523972167717,0.0001811461187763463
2CXO J022538.8+620816,STAR,STAR,0.9626897430836825,0.0011946944675349093,0.010340143911509187,0.006722229449046301,0.0031375952982323958,0.004691276999637147,0.9626897430836825,0.003459423954686087,0.007764892835671724
2CXO J104237.3-595051,YSO,YSO,0.9738588538718675,0.00039205065446418474,0.00036703356450502054,0.0010130142833072275,0.00048749858667489616,0.00047536162026229914,0.023259423978338637,0.00014676344057998954,0.9738588538718675
2CXO J103150.2-014057,AGN,AGN,0.9904034341835891,0.9904034341835891,0.0007742075886956267,0.0012037394762691904,0.0006970719850501552,0.00036210778919201975,0.00016591825774907022,0.006331002079107132,6.251864034776048e-05
2CXO J230609.7+622732,STAR,STAR,0.9439078089300751,0.0018710128515819775,0.019024744964615946,0.009412842339155693,0.004305226040004484,0.014265979209151217,0.9439078089300751,0.004611898700677506,0.002600486964738228
2CXO J122257.9+751934,AGN,AGN,0.9836286963145808,0.9836286963145808,0.0008085997542416866,0.003617689666740911,0.00014784663081690303,0.0008105418523038896,0.00037785246749904927,0.010546622795212365,6.215051860426119e-05
2CXO J111431.8+405613,AGN,AGN,0.9944316973576437,0.9944316973576437,0.0006084415960093452,6.53219946274962e-05,2.3299324856676192e-05,0.00014842581654104465,0.0003621355324427166,0.004346781603032664,1.3896774846659327e-05
2CXO J053529.4-052536,STAR,STAR,0.9630268368322584,0.0017029782020719071,0.00849345118635466,0.006862031603544655,0.013489378230870186,0.004018765541013243,0.9630268368322584,0.0016937293601780913,0.0007128290437087505
2CXO J142123.9+463318,AGN,AGN,0.988219767305894,0.988219767305894,0.0010554547455578146,0.004163828951904766,9.04446658670267e-05,0.0008710342832176297,0.000828543032785164,0.004720410383995016,5.0516630778550813e-05
2CXO J141249.0-402136,STAR,PULSAR,0.4009149579815073,0.03284464028295984,0.30170323189760845,0.045242496786355155,0.014758334330840558,0.4009149579815073,0.12851276303050818,0.05299622316788308,0.023027352522337615
2CXO J111140.9-611919,YSO,YSO,0.9917088481342317,0.00023864766320779612,0.001081341489153176,0.001995487537770516,0.0025599264427797015,0.0003517835798413756,0.0017677213556970888,0.00029624379731876685,0.9917088481342317
2CXO J003324.1-431701,AGN,AGN,0.8817698111992317,0.8817698111992317,0.011642116732448485,0.042594345142470874,0.001369816332955399,0.02992011545107177,0.006034609096269766,0.024889067234853967,0.001780118810697807
2CXO J152156.5+520238,AGN,AGN,0.9883735173867976,0.9883735173867976,0.0010107071045033199,0.0032076269341320424,0.0001738022991779334,0.00142640326019933,0.0049625180604874,0.0007872507560233748,5.817419867885484e-05
2CXO J164703.7-455058,STAR,CV,0.3779894371002493,0.01349285325101125,0.3779894371002493,0.05798942017709235,0.048148414028595536,0.19152157966511277,0.04652631357747778,0.019444014354287092,0.24488796784617398
2CXO J060107.8-234021,HMXB,STAR,0.6074988139985108,0.009412828004119363,0.027982739907889097,0.27703114890396396,0.008287579890087233,0.009470685839534126,0.6074988139985108,0.05900146010839219,0.0013147433475031698
2CXO J064048.5+093416,STAR,STAR,0.9798235488401267,0.0015593296365449504,0.0036325885813039095,0.005645618352629629,0.002981455249338556,0.0021515402879615686,0.9798235488401267,0.0016434529134324736,0.002562466138662239
2CXO J090102.9+354928,AGN,AGN,0.9893250750030224,0.9893250750030224,0.0008890687593529567,0.0011526393317138211,0.00013797690771366158,0.0004224543099526363,0.0009955921674755612,0.006978557974422065,9.863554634696807e-05
2CXO J150228.7+285815,AGN,AGN,0.9740880600771303,0.9740880600771303,0.004909213171793345,0.008597437069973762,0.00014311754456990973,0.0022914310724715913,0.0022063836795562907,0.007343903621835369,0.0004204537626692773
2CXO J103249.8+054118,AGN,AGN,0.9968634354061275,0.9968634354061275,0.00043805342356882415,0.0003811390804460182,5.605412862094784e-05,0.0011880315105134338,0.00028591037135023545,0.0007676115116746178,1.976456769804639e-05
2CXO J132938.9+471103,HMXB,HMXB,0.9826504977307822,0.0029914108747354346,0.0025862521851854857,0.9826504977307822,0.0005474287143667603,0.0015315815513499548,0.0006546625912669218,0.008865773167635656,0.00017239318467727455
2CXO J203202.1+413322,YSO,YSO,0.9887520232770513,0.0003672530127052909,0.0010283159662480392,0.00035890125244150635,0.0005390497967665497,0.000949792287963836,0.007322787102700531,0.0006818773041228198,0.9887520232770513
2CXO J120159.2-185136,HMXB,HMXB,0.9211839340881075,0.02503973102516987,0.014490267266064597,0.9211839340881075,0.0036440875145612784,0.002383458585861075,0.012384450411892326,0.01770752346241441,0.00316654764592895
2CXO J052541.6-471905,STAR,STAR,0.9879096468777177,0.0007261887965020055,0.0016034649801827795,0.0014884218174025688,0.002703923177301086,0.0020761475483489166,0.9879096468777177,0.0008985034620129128,0.0025937033405320823
2CXO J203421.1+413014,YSO,YSO,0.9085873260766683,0.0031508127836859016,0.02043850151997729,0.003551110197524544,0.013272423688075683,0.021180460892433486,0.011720188087950152,0.018099176753684824,0.9085873260766683
2CXO J101246.5+061604,AGN,AGN,0.9944517658539963,0.9944517658539963,0.0008597715987736156,0.001108055135404383,7.23551220202947e-05,0.00048169481845943864,0.0006569368084199902,0.002313785333999969,5.563532892625165e-05
2CXO J123636.6+621346,AGN,AGN,0.40462442235450796,0.40462442235450796,0.07244078870177115,0.1534345157171818,0.0045147347887924474,0.013809842122876548,0.006034795588952901,0.3435966427824872,0.0015442579434299883
2CXO J154140.9+662237,AGN,AGN,0.9095309154353781,0.9095309154353781,0.0033657476224196827,0.004453223642402024,0.00044569870646855896,0.0007253031940971147,0.0004049645549961467,0.08101287634461284,6.127049962573098e-05
2CXO J172328.4+592947,AGN,AGN,0.9258942182607154,0.9258942182607154,0.0031577045477889087,0.0032867924503546535,0.0021238615723515055,0.0018073563052698404,0.0005389145194960349,0.06295819105488895,0.00023296128913473556
2CXO J175811.5-273637,YSO,CV,0.4409165424802873,0.012922652996004334,0.4409165424802873,0.01076414014120416,0.009473243139026106,0.07753347336168455,0.017023176245959965,0.036586436908649864,0.39478033472718377
2CXO J124822.9+082914,AGN,AGN,0.9216632609436314,0.9216632609436314,0.0017963719423838454,0.011204617511157469,0.0004024298817164161,0.023010772756139067,0.03305539816601286,0.008435647920241516,0.00043150087871749365
2CXO J220501.1+003123,AGN,AGN,0.9912060688761763,0.9912060688761763,0.004375191994645277,0.0007629003951469995,0.0001199966932626781,0.002957328978757633,0.00019306534564498366,0.0002927595795193142,9.268813684683685e-05
2CXO J053455.0-052659,STAR,STAR,0.9901074932297825,0.0038110983697849116,0.00125830571307413,0.0022987181013675736,0.0004913870278219877,0.001294481446262235,0.9901074932297825,0.0005686775316350383,0.0001698385802714203
2CXO J053507.2-045025,STAR,STAR,0.9951651535137003,0.0006920129209469701,0.0008721696371989725,0.0012804335315366904,0.00018895460898990624,0.00130939110391675,0.9951651535137003,0.00037536531154639134,0.0001165193721637632
2CXO J141043.8+140801,AGN,AGN,0.9569196584217243,0.9569196584217243,0.03626178659825677,0.0009296576330093867,0.0001036822307923632,0.003903264503199932,0.00023563696989562066,0.0014734212208861574,0.00017289242223542174
2CXO J130211.0+000004,AGN,AGN,0.9800155893383967,0.9800155893383967,0.002649090341149943,0.0003288809944658495,0.0001017139746063254,0.004324628266772073,0.00043719259259798244,0.011996840765779724,0.00014606372623135466
2CXO J064107.7+092813,STAR,STAR,0.9885182817657855,0.0014841295674322664,0.0021803545528246253,0.0025564990413472558,0.0038242896676281,0.0005485999605014365,0.9885182817657855,0.0004111337176825539,0.00047671172679820224
2CXO J083322.5+331058,AGN,AGN,0.9932567946995408,0.9932567946995408,0.0017447702057385773,0.001254584670160173,0.0024229321945391305,0.0004576250334642533,0.00023488578403879854,0.0005724033717868482,5.600404073126352e-05
2CXO J170917.2+615322,AGN,AGN,0.9971244602606072,0.9971244602606072,0.0006204751076689029,0.00023964345572537383,5.164210650788099e-05,0.00043333152599434705,0.00018588968428473755,0.0013289748695358905,1.5582989675559614e-05
2CXO J174041.4-534004,CV,PULSAR,0.5575719629319796,0.004168122313998113,0.27737510041288754,0.02136054253228827,0.04522650920482606,0.5575719629319796,0.013668916371249798,0.07790039613741094,0.002728450095359512
2CXO J174338.1-293839,YSO,YSO,0.9762901980470884,0.0003655257336323999,0.015426876722260745,0.001457590318134916,0.0011061870789581838,0.0019231841532726692,0.0031042009729942512,0.0003262369736582789,0.9762901980470884
2CXO J053457.1-053329,STAR,STAR,0.993516805850193,0.000567633744922287,0.0015103843821659096,0.0014059541024548977,0.0011952293999979902,0.0012241568784911274,0.993516805850193,0.000500862447765774,7.897319400899243e-05
2CXO J171229.4-382832,YSO,YSO,0.9921286442463664,0.00011294521724275015,0.0027473120470461834,0.0004270656898275147,0.0002932448690239739,0.0015724114130264044,0.002549598542006183,0.00016877797546063813,0.9921286442463664
2CXO J064051.3+093013,STAR,STAR,0.9874258263505854,0.0009310823319471775,0.00342636804147553,0.003107797043311649,0.0013917757215745812,0.0018598455181067309,0.9874258263505854,0.0006656781149960836,0.001191626878002946
2CXO J053531.9-051619,STAR,STAR,0.9858566459681282,0.0008260569628861504,0.005879556767016886,0.003305396732354646,0.0017579015998038297,0.000887152415151768,0.9858566459681282,0.0013486801871081852,0.00013860936755037435
2CXO J141418.2-614153,YSO,YSO,0.5351606272589033,0.009791112716910124,0.0077167003716970654,0.005782550928540554,0.0014340404487955905,0.02359310475955093,0.4146766945966702,0.0018451689189321035,0.5351606272589033
2CXO J181925.9-133300,YSO,YSO,0.9966312437970658,8.925623540848855e-05,0.000496112689695877,6.468708929768459e-05,6.210061263270756e-05,0.00031722833122392727,0.0022801081033905807,5.926314128473051e-05,0.9966312437970658
2CXO J064041.3+095102,STAR,STAR,0.9569482784551474,0.006246319028451182,0.013889293489326106,0.006488515421862552,0.0030277568123387687,0.008894125128134886,0.9569482784551474,0.002953883360420874,0.001551828304318288
2CXO J203305.0+411421,YSO,YSO,0.9617527954525381,0.00025316923183861816,0.028698016448461545,0.0004438456487555234,0.0017203821978233147,0.0001082276766609848,0.00688304096156915,0.00014052238235258912,0.9617527954525381
2CXO J054646.8+000907,STAR,STAR,0.9840477244925168,0.0013861870270949301,0.0022559271295400046,0.003923962357257704,0.0013826669669556335,0.005907682798668435,0.9840477244925168,0.000956114138385873,0.00013973508958064587
2CXO J140310.5+541749,HMXB,HMXB,0.9873258606705545,0.00612996285591646,0.0025514095153957297,0.9873258606705545,0.00021874217344947772,0.0016517187093985986,0.0006614501543324693,0.0013011382729526484,0.0001597176480000481
2CXO J233739.1+002656,AGN,AGN,0.9865899433597835,0.9865899433597835,0.001691863569467576,0.0044761179041680225,0.0002479174784202262,0.0013797779058143545,0.0002873290303955832,0.005290830284987731,3.6220466963098765e-05
2CXO J171946.1-360552,STAR,STAR,0.9844564259285422,0.00011478168528868363,0.0021774416040596656,0.00020532590742731823,0.0008463775031745478,0.00016191399486963228,0.9844564259285422,5.856492302966479e-05,0.011979168453608281
2CXO J190447.4+090241,HMXB,YSO,0.38976907000381117,0.0016272332984932727,0.326579953337381,0.19518241621150006,0.000997216999541884,0.07538899826352036,0.008759891320991238,0.0016952205647610104,0.38976907000381117
2CXO J104356.0-592538,YSO,YSO,0.995917579400106,0.0001440766096192724,0.0002767290037991864,0.0006814486637514097,0.00042762387605992124,0.0003801324672876574,0.0020899105788842144,8.249940049207573e-05,0.995917579400106
2CXO J115237.3-022807,ULX,ULX,0.7746353610576754,0.19705877406032693,0.012628534211934956,0.006527655034479782,0.001439517335354319,0.005255016642866767,0.0017460451457271989,0.7746353610576754,0.0007090965116345034
2CXO J124208.7+323239,HMXB,HMXB,0.9780277572169433,0.0040893831040522514,0.0010733337095429265,0.9780277572169433,0.000317256071505857,0.000600975490700935,0.0005091330145842362,0.0151898560245121,0.00019230536815812235
2CXO J180440.5-242035,YSO,YSO,0.9444199865098796,0.0007057404949509048,0.02200904885705235,0.0026393752320466794,0.0009678198430868398,0.01428217112712079,0.014147046684650985,0.0008288112512116319,0.9444199865098796
2CXO J123715.9+621213,AGN,HMXB,0.6984672179813336,0.20832565006014722,0.041649578954079954,0.6984672179813336,0.004059023672026175,0.004945928358164449,0.010085291040037605,0.031061952812917456,0.0014053571212935348
2CXO J134039.0+004956,AGN,AGN,0.9691132707190496,0.9691132707190496,0.0027805992592183745,0.0013937647294424709,0.00018909478763518922,0.003124631907117223,0.0006092620287461558,0.02259062129423082,0.00019875527456015196
2CXO J005843.8-273458,AGN,AGN,0.9876958080376718,0.9876958080376718,0.000714479585983713,0.0020189542603110244,9.283090510525801e-05,0.0006846283742320687,0.0002399391959927439,0.00851913895249104,3.422068821260665e-05
2CXO J022800.9+003944,AGN,AGN,0.6022431875535736,0.6022431875535736,0.012921060637176218,0.0165618312974995,0.001638049206666757,0.011045285786531803,0.0015507289867582946,0.3537388144319083,0.00030104209988566805
2CXO J004243.8+411734,CV,CV,0.8506780933497432,0.008969995528593355,0.8506780933497432,0.03382439037905099,0.011678883969151697,0.025950465208677588,0.04887896820516513,0.01666415495570501,0.0033550484039130742
2CXO J174528.8-285726,STAR,YSO,0.8163720650986017,0.002689674158005573,0.04909211082451625,0.019698786106868472,0.009962781864662812,0.06234056799899661,0.03699255656687432,0.0028514573814743763,0.8163720650986017
2CXO J072910.7+205442,STAR,STAR,0.9835102203023528,0.0003397349510894342,0.0014741066930381165,0.0013047983821784037,0.0037119302516220817,0.0037417107533202756,0.9835102203023528,0.005771732452076786,0.00014576621432198933
2CXO J033728.7-045829,AGN,AGN,0.6154061841676866,0.6154061841676866,0.03707598803705714,0.14062182287472108,0.007141568163881634,0.13499508389368206,0.03363960880305795,0.028551162339773083,0.002568581720140426
2CXO J115929.7+291429,AGN,ULX,0.8306476745281135,0.09258423478710853,0.0194282448390724,0.02018859810627775,0.004909894619722729,0.023967153450889317,0.006551935586276533,0.8306476745281135,0.0017222640825392277
2CXO J111453.2-611008,YSO,YSO,0.9687684439470803,0.0008984696934688139,0.0022644609525230256,0.002140290627516053,0.0011829225961189685,0.005065627084616791,0.019276720508596155,0.00040306459007998587,0.9687684439470803
2CXO J120156.6-185200,HMXB,HMXB,0.8603953846714784,0.05208443340571197,0.018034049405073145,0.8603953846714784,0.007095033252659906,0.010675719038854815,0.009123046151426705,0.03817604686100171,0.004416287213793356
2CXO J132138.3+511743,AGN,AGN,0.9939368015194249,0.9939368015194249,0.0006440604731845808,0.0032306142214975106,4.008616968672094e-05,0.0005385748135439016,0.0004991293468070768,0.0010866647731461118,2.4068682709135824e-05
2CXO J111134.5-610524,YSO,YSO,0.9588088220401323,0.0007320705058920912,0.0007242558707314299,0.0017181164267841002,0.00034905124494196945,0.002103434899414541,0.035301137150903814,0.000263111861199698,0.9588088220401323
2CXO J083612.1-432345,STAR,STAR,0.9860246405673782,0.0006309061057711505,0.0017767757886439505,0.0016135709501162885,0.002051062512244503,0.0012093974018847389,0.9860246405673782,0.0006017570785589226,0.0060918895954024796
